
3       -73.45  -72.80          
4       -72.15  -71.17          
3       -70.20  -69.87          
3       -68.90  -68.57          
3       -67.92  -67.27          
3       -66.95  -66.30          
3       -65.32  -65.00          
5       -64.02  -63.37          
6       -62.07  -60.45          
7       -58.82  -56.87          
7       -55.57  -53.95          
6       -52.65  -51.35          
6       -49.72  -48.43          
7       -47.13  -45.50          
7       -44.20  -42.57          
7       -41.27  -39.65          
7       -38.02  -36.40          
7       -34.77  -33.47          
7       -31.85  -30.22          
7       -28.92  -27.62          
8       -26.00  -24.37          
8       -22.75  -20.80          
8       -19.17  -17.55          
9       -15.92  -13.97          
11      -12.67  -11.05          
11      -9.42   -7.80           
11      -6.17   -4.55           
12      -2.93   -1.30           
12      0.32    2.60            
13      4.55    6.50            
14      8.77    10.72           
14      13.00   15.60           
13      17.22   19.82           
13      21.45   23.72           
11      25.67   27.62           
9       29.25   30.55           
6       31.85   32.50           
4       32.82   32.82           
2       33.47   33.47           
0       33.47   33.15           
-4      32.50   31.20           
-9      29.90   27.62           
-14     26.00   23.07           
-19     20.15   16.90           
-25     13.65   10.07           
-33     6.17    2.27            
-42     -2.60   -6.17           
-51     -12.35  -16.57          
-60     -24.05  -28.92          
-67     -36.72  -41.27          
-70     -47.45  -51.02          
-70     -56.87  -59.80          
-67     -64.67  -67.60          
-64     -71.50  -74.10          
-60     -78.32  -81.57          
-56     -86.77  -89.70          
-49     -90.67  -90.67          
-43     -90.67  -90.67          
-35     -90.67  -90.67          
-27     -90.67  -90.67          
-19     -90.67  -90.67          
-11     -90.35  -90.02          
-4      -89.70  -88.72          
1       -88.40  -87.42          
8       -85.47  -83.52          
13      -80.92  -78.00          
21      -75.72  -71.82          
27      -68.25  -64.67          
i2cRead failed: 2
i2cRead failed: 2
i2cRead failed: 2
27      -60.45  -56.87          
27      -52.65  -48.75          
27      -44.52  -40.63          
27      -36.07  -31.85          
27      -26.97  -22.42          
27      -17.22  -13.00          
27      -8.45   -4.55           
26      0.00    4.23            
26      8.77    12.67           
26      17.22   21.77           
25      26.00   30.22           
25      34.13   38.35           
24      42.25   45.82           
24      47.45   49.72           
23      51.68   53.95           
23      56.87   58.50           
22      58.82   58.82           
21      58.82   58.82           
21      58.82   58.82           
20      58.82   58.82           
19      58.82   58.82           
19      58.82   58.82           
18      58.82   58.82           
17      58.82   58.82           
17      58.82   58.82           
16      58.82   58.82           
15      58.82   58.82           
15      58.82   58.82           
14      58.82   58.82           
13      58.82   58.82           
13      58.82   58.82           
12      58.82   58.82           
12      58.82   58.82           
11      58.82   58.82           
10      58.82   58.82           
10      58.82   58.82           
9       58.82   58.50           
9       58.82   58.82           
8       58.82   58.82           
8       58.82   58.82           
7       58.50   58.82           
7       58.82   58.82           
6       58.82   58.82           
6       58.50   58.50           
6       58.50   58.50           
5       58.50   58.50           
5       58.50   58.50           
4       58.50   58.50           
4       58.50   58.50           
4       58.50   58.50           
3       58.50   58.50           
3       58.50   58.50           
3       58.50   58.50           
3       58.50   58.50           
2       58.50   58.50           
2       58.18   58.18           
2       58.18   58.18           
2       58.18   58.18           
1       58.18   57.85           
1       57.52   57.52           
1       57.20   57.20           
1       57.20   57.20           
1       57.20   57.20           
1       57.20   -166.72         
0       -166.72 56.87           
0       56.87   56.55           
0       56.55   56.55           
0       56.55   56.55           
0       56.55   56.55           
0       56.55   56.22           
0       55.90   56.22           
0       55.90   55.90           
0       55.90   55.90           
0       55.90   55.90           
0       55.90   55.90           
0       55.90   55.90           
0       55.90   55.90           
0       55.90   55.90           
0       55.90   55.90           
0       55.90   55.90           
0       55.57   55.90           
0       55.90   55.90           
0       55.90   55.90           
0       55.90   55.90           
0       55.90   55.90           
0       55.90   55.90           
0       55.90   -166.72         
0       -166.72 55.90           
0       55.90   55.57           
0       55.90   55.90           
0       55.90   55.90           
0       55.90   55.90           
0       55.90   55.90           
0       55.90   55.90           
0       55.90   55.90           
0       55.90   55.57           
0       55.90   55.90           
0       55.90   55.90           
0       55.90   55.90           
0       55.90   55.90           
0       55.90   55.90           
0       55.90   55.90           
0       55.90   55.90           
0       55.90   55.90           
0       55.57   55.57           
0       55.57   55.57           
0       55.57   55.25           
0       55.25   55.25           
0       54.93   54.93           
0       54.93   54.93           
0       54.93   54.60           
0       54.60   54.60           
0       54.60   54.60           
0       54.60   54.60           
0       54.60   54.60           
0       54.60   54.60           
0       54.60   54.60           
0       54.60   54.60           
0       54.60   54.60           
0       54.60   54.60           
0       54.60   54.60           
0       54.60   54.60           
0       54.60   54.60           
0       54.60   54.60           
0       54.60   54.60           
0       54.60   54.60           
0       54.60   54.60           
0       54.60   54.60           
0       54.60   54.60           
0       54.60   54.60           
0       54.60   54.60           
0       54.60   54.60           
0       54.60   54.60           
0       54.60   54.60           
0       54.60   54.60           
0       54.60   54.60           
0       54.60   54.60           
0       54.60   54.60           
0       54.60   54.60           
0       54.60   54.60           
0       54.60   54.60           
0       54.60   54.60           
0       54.60   54.60           
0       54.60   54.60           
0       54.60   54.60           
0       54.60   54.60           
0       54.60   54.60           
0       54.60   54.60           
0       54.60   54.60           
0       54.60   54.60           
0       54.60   54.60           
0       54.60   54.60           
0       54.60   54.60           
0       54.60   54.60           
0       54.60   54.60           
0       54.60   54.60           
0       54.60   54.60           
0       54.60   54.60           
0       54.60   54.60           
0       54.60   54.60           
0       54.60   54.60           
0       54.60   54.60           
0       54.60   54.60           
0       54.60   54.60           
0       54.60   54.60           
0       54.60   54.60           
0       54.60   54.60           
0       54.60   54.60           
0       54.60   54.60           
0       54.60   54.60           
0       54.60   54.60           
0       54.60   54.60           
0       54.60   54.60           
0       54.60   54.60           
0       54.60   54.60           
0       54.60   54.60           
0       54.60   54.60           
0       54.60   54.60           
0       54.60   54.60           
0       54.60   54.60           
0       54.60   54.60           
0       54.60   54.60           
0       54.60   54.60           
0       54.60   54.60           
0       54.60   54.60           
0       54.60   54.60           
0       54.60   54.60           
0       54.60   54.60           
0       54.60   54.60           
0       54.60   54.60           
0       54.60   54.60           
0       54.60   54.60           
0       54.60   54.60           
0       54.60   54.60           
0       54.60   54.60           
0       54.60   54.60           
0       54.60   54.60           
0       54.60   54.60           
0       54.60   54.60           
0       54.60   54.60           
0       54.60   54.60           
0       54.60   54.60           
0       54.60   54.60           
0       54.60   54.60           
0       54.60   54.60           
0       54.60   54.60           
0       54.60   54.60           
0       54.60   54.60           
0       54.60   54.60           
0       54.60   54.60           
0       54.60   54.60           
0       54.60   54.60           
0       54.60   54.60           
0       54.60   54.60           
0       54.60   54.60           
0       54.60   54.60           
0       54.60   54.60           
0       54.60   54.60           
0       54.60   54.60           
0       54.60   54.60           
0       -7      -21.45  -22.10          
-7      -23.07  -23.40          
-8      -24.05  -24.70          
-9      -25.67  -26.00          
-11     -26.32  -27.30          
-13     -28.27  -29.25          
-16     -30.22  -32.18          
-20     -34.45  -36.72          
-23     -39.00  -41.60          
-27     -44.85  -47.77          
-31     -51.02  -53.62          
-35     -57.52  -60.45          
-38     -64.02  -66.30          
-41     -69.22  -71.50          
-42     -73.77  -74.75          
-43     -77.67  -79.62          
-43     -82.22  -83.85          
-43     -86.45  -88.07          
-42     -88.72  -89.05          
-39     -89.05  -89.05          
-36     -89.05  -89.05          
-32     -89.05  -89.05          
-27     -89.37  -89.37          
-23     -89.37  -89.37          
-18     -89.37  -89.37          
-13     -89.37  -89.37          
-8      -89.37  -89.05          
-2      -89.05  -88.40          
2       -87.75  -87.10          
8       -85.47  -83.52          
15      -81.57  -78.32          
21      -75.40  -71.82          
28      -67.92  -64.02          
33      -59.47  -55.25          
37      -49.72  -45.18          
40      -38.68  -33.80          
45      -25.67  -19.82          
52      -10.40  -5.20           
62      5.85    12.35           
71      24.37   30.87           
77      44.20   50.38           
90      59.15   61.43           
92      61.43   61.43           
92      61.43   61.43           
90      61.43   61.43           
89      61.43   61.43           
85      61.43   61.43           
80      61.43   61.43           
75      61.43   61.43           
70      61.43   61.43           
65      61.43   61.43           
60      61.43   61.43           
56      61.43   61.43           
52      61.43   61.43           
47      61.43   61.43           
42      61.43   61.43           
35      61.43   61.43           
29      61.43   61.43           
23      61.43   61.43           
15      61.43   61.10           
7       61.10   60.12           
1       59.80   58.82           
-8      57.85   55.90           
-12     53.62   51.02           
-21     48.10   44.52           
-28     39.32   34.45           
-36     28.60   23.40           
-40     16.90   12.67           
-49     6.82    2.60            
-59     -4.23   -8.13           
-68     -14.95  -19.50          
-76     -26.65  -31.52          
-82     -39.32  -43.88          
-88     -51.35  -56.87          
-91     -65.97  -72.15          
-89     -82.55  -90.02          
-85     -101.72 -103.67         
-77     -103.67 -103.67         
-67     -103.67 -103.67         
-58     -103.67 -103.67         
-52     -103.67 -103.67         
-44     -103.67 -103.67         
-36     -103.67 -104.00         
-27     -103.67 -103.67         
-17     -104.00 -104.00         
-10     -103.67 -103.02         
-2      -102.70 -101.72         
3       -100.75 -99.45          
6       -98.47  -96.85          
11      -94.57  -92.62          
13      -90.35  -87.75          
14      -85.15  -82.22          
15      -79.62  -76.70          
16      -73.45  -70.52          
17      -67.60  -64.02          
20      -60.77  -56.87          
23      -52.65  -47.77          
27      -43.88  -40.30          
29      -36.72  -33.47          
33      -28.27  -23.40          
38      -16.90  -12.02          
41      -5.20   -0.32           
43      7.48    12.67           
47      20.47   25.67           
50      35.10   41.27           
51      48.75   52.00           
53      58.50   61.10           
50      61.10   61.10           
46      61.10   61.10           
43      61.10   61.10           
39      61.10   61.10           
34      61.10   61.10           
30      61.10   61.10           
24      61.10   61.10           
19      61.10   61.10           
14      61.10   61.10           
9       60.77   60.77           
5       60.12   59.80           
2       59.47   59.15           
-1      58.50   57.52           
-5      56.87   55.90           
-9      53.95   52.65           
-13     50.70   48.10           
-18     45.82   42.57           
-26     38.35   34.13           
-29     28.60   24.05           
-32     18.52   13.32           
-34     6.50    1.30            
-36     -4.88   -8.45           
-37     -13.00  -16.25          
-43     -20.80  -23.72          
-49     -28.92  -32.18          
-54     -37.70  -41.27          
-58     -47.45  -50.70          
-63     -56.87  -60.77          
-65     -67.60  -71.82          
-66     -78.32  -82.22          
-63     -88.40  -91.32          
-58     -91.65  -91.65          
-49     -91.65  -91.65          
-40     -91.65  -91.65          
-31     -91.65  -91.65          
-22     -91.65  -91.65          
-14     -91.65  -91.65          
-7      -91.32  -91.00          
-1      -91.00  -89.70          
3       -88.72  -87.75          
10      -86.12  -83.85          
16      -81.57  -78.32          
22      -74.75  -70.85          
25      -66.30  -62.07          
30      -56.87  -52.00          
34      -47.45  -43.88          
37      -37.70  -33.47          
43      -26.97  -21.77          
47      -13.97  -8.77           
53      -0.65   4.55            
57      14.30   20.47           
60      30.55   36.40           
61      46.80   52.97           
60      61.10   62.07           
58      62.07   62.07           
55      61.75   62.07           
51      62.07   62.07           
48      62.07   61.75           
43      62.07   62.07           
39      62.07   62.07           
35      62.07   62.07           
31      62.07   61.75           
28      62.07   62.07           
25      62.07   62.07           
22      61.75   62.07           
19      61.75   62.07           
16      62.07   61.75           
12      62.07   62.07           
9       61.75   61.75           
6       61.10   61.10           
4       61.10   60.45           
1       60.12   59.15           
0       58.82   58.50           
-2      57.85   57.20           
-4      56.55   55.57           
-5      54.27   53.62           
-7      52.32   50.70           
-8      49.40   47.77           
-9      46.15   44.20           
-11     42.25   39.97           
-12     37.70   35.10           
-13     32.18   29.90           
-14     26.97   24.05           
-15     21.12   18.52           
-15     15.27   12.35           
-16     9.42    6.17            
-16     3.25    0.32            
-18     -2.27   -5.52           
-19     -9.10   -12.02          
-20     -14.30  -16.57          
-23     -18.52  -20.80          
-27     -23.72  -26.32          
-30     -30.22  -33.15          
-33     -36.72  -39.65          
-36     -43.55  -46.15          
-39     -51.02  -54.27          
-41     -59.47  -62.72          
-41     -68.25  -72.47          
-40     -78.32  -82.87          
-37     -89.70  -94.57          
-32     -99.77  -101.40         
-26     -101.72 -101.72         
-20     -101.72 -101.72         
-16     -101.72 -101.72         
-13     -101.72 -101.72         
-9      -101.40 -101.40         
-4      -101.07 -100.42         
0       -100.10 -99.45          
5       -98.15  -96.85          
12      -95.22  -91.97          
21      -89.37  -84.82          
28      -80.27  -75.40          
34      -69.22  -64.67          
37      -59.15  -55.57          
42      -49.07  -44.52          
48      -37.05  -31.85          
55      -23.07  -17.87          
60      -8.13   -2.27           
63      8.13    14.30           
67      25.02   31.85           
70      43.88   50.05           
72      58.50   62.40           
69      62.72   62.72           
64      62.72   62.72           
59      62.72   62.72           
54      62.72   62.72           
50      62.72   62.72           
46      62.72   62.72           
42      62.72   62.72           
38      62.72   62.72           
34      62.72   62.72           
31      62.72   62.72           
28      62.72   62.72           
25      62.72   62.72           
22      62.72   62.72           
20      62.72   62.72           
19      62.72   62.72           
17      62.72   62.72           
15      62.72   62.72           
14      62.72   62.72           
16      62.72   62.72           
15      62.72   62.72           
14      62.72   62.72           
