7.52            
5       57.52   57.52           
3       57.52   57.52           
1       57.20   56.55           
0       56.55   56.55           
-1      56.22   55.90           
-3      55.25   54.60           
-5      53.95   53.30           
-7      51.68   50.70           
-8      49.40   48.10           
-10     46.80   45.18           
-11     43.88   42.25           
-12     39.97   37.38           
-13     35.10   32.82           
-14     30.22   27.30           
-16     24.70   21.45           
-19     18.52   14.62           
-22     10.72   6.50            
-25     2.27    -1.95           
-27     -6.82   -11.38          
-28     -16.57  -21.45          
-28     -26.97  -31.52          
-27     -36.72  -41.27          
-25     -46.47  -50.70          
-23     -55.25  -59.15          
-20     -63.37  -66.95          
-17     -70.52  -73.77          
-15     -76.70  -79.62          
-12     -82.55  -84.82          
-9      -86.77  -88.40          
-6      -90.02  -91.00          
-2      -92.30  -92.30          
1       -92.30  -91.97          
4       -91.00  -90.67          
7       -89.05  -87.75          
10      -86.12  -84.17          
12      -81.90  -79.62          
12      -77.35  -75.07          
11      -72.47  -70.52          
10      -68.25  -66.62          
8       -64.67  -63.05          
6       -61.75  -60.12          
4       -59.15  -58.18          
2       -57.52  -57.20          
0       -57.20  -57.20          
-1      -57.20  -57.20          
-3      -58.18  -58.50          
-7      -59.47  -60.77          
-10     -62.72  -64.67          
-13     -66.95  -69.55          
-13     -72.15  -74.75          
-12     -77.02  -79.62          
-10     -81.57  -83.52          
-8      -85.47  -87.10          
-6      -88.40  -89.37          
-5      -91.00  -91.32          
-6      -92.30  -93.60          
-7      -95.22  -96.20          
-8      -97.17  -98.47          
-10     -98.80  -99.45          
-11     -99.45  -99.45          
-12     -99.45  -99.45          
-13     -99.77  -99.77          
-15     -99.77  -100.10         
-16     -100.10 -100.42         
-18     -100.42 -100.42         
-20     -100.42 -100.42         
-22     -100.42 -100.75         
-25     -100.75 -100.75         
-29     -100.75 -100.75         
-31     -100.75 -100.75         
-32     -100.75 -100.75         
-32     -100.75 -100.75         
-31     -100.75 -100.75         
-29     -100.75 -100.75         
-27     -100.75 -100.75         
-23     -100.75 -100.75         
-19     -100.75 -100.75         
-16     -100.75 -100.75         
-13     -100.75 -100.75         
-10     -100.75 -100.75         
-7      -100.42 -100.42         
-5      -100.42 -100.10         
-2      -99.77  -99.45          
0       -99.45  -99.12          
3       -98.47  -97.82          
5       -96.52  -95.87          
7       -94.57  -93.27          
9       -91.32  -90.02          
11      -88.07  -86.12          
13      -83.85  -80.92          
15      -78.32  -75.72          
17      -72.47  -69.22          
18      -65.97  -62.72          
19      -59.47  -55.90          
20      -52.32  -48.43          
21      -45.18  -41.27          
23      -37.38  -33.15          
24      -28.60  -24.70          
25      -19.82  -14.95          
25      -10.72  -6.17           
26      -1.30   3.25            
26      8.13    12.67           
25      17.87   21.77           
26      26.65   30.87           
26      36.07   40.63           
27      44.52   47.77           
28      49.72   51.35           
29      54.93   57.52           
30      59.15   59.15           
31      59.15   59.15           
32      59.15   59.15           
34      59.15   59.15           
35      59.15   59.15           
37      59.15   59.15           
38      59.15   59.15           
39      59.15   59.15           
40      59.15   59.15           
40      59.15   59.15           
39      59.15   59.15           
38      59.15   59.15           
36      59.15   59.15           
33      59.15   59.15           
31      59.15   59.15           
27      59.15   59.15           
24      59.15   59.15           
21      59.15   59.15           
18      58.82   59.15           
16      59.15   59.15           
13      59.15   59.15           
11      59.15   59.15           
9       59.15   59.15           
7       59.15   59.15           
6       58.82   58.82           
5       58.82   58.82           
4       58.82   58.82           
3       58.82   58.50           
2       58.50   58.18           
1       57.85   57.52           
0       57.52   57.52           
-1      56.55   56.55           
-2      56.22   55.57           
-3      54.60   54.27           
-3      53.62   53.30           
-5      52.32   51.35           
-6      50.38   49.07           
-7      48.10   47.13           
-8      46.15   45.18           
-8      44.52   43.88           
-7      42.25   41.60           
-7      40.30   39.00           
-6      37.70   36.72           
-6      35.10   34.13           
-6      32.50   31.52           
-6      30.22   28.92           
-6      27.62   26.65           
-6      25.67   24.37           
-7      23.07   21.45           
-7      20.15   18.85           
-7      17.22   15.92           
-7      14.30   13.00           
-7      11.70   10.07           
-7      8.77    7.48            
-8      5.20    3.90            
-9      1.95    0.00            
-10     -1.30   -3.57           
-11     -5.85   -7.80           
-12     -9.75   -12.02          
-12     -14.30  -16.57          
-13     -18.85  -21.45          
-14     -24.37  -26.97          
-15     -29.90  -32.82          
-16     -36.07  -39.32          
-17     -41.93  -45.18          
-17     -48.75  -51.68          
-17     -54.93  -57.85          
-18     -60.77  -63.70          
-20     -66.95  -70.52          
-20     -74.42  -78.00          
-19     -81.90  -85.15          
-19     -88.72  -91.97          
-19     -95.87  -98.80          
-19     -99.77  -100.75         
-18     -100.75 -100.75         
-17     -100.75 -100.75         
-16     -100.75 -100.75         
-17     -100.75 -100.75         
-19     -100.75 -100.75         
-19     -100.75 -100.75         
-19     -100.75 -100.75         
-19     -100.75 -100.75         
-19     -100.75 -100.75         
-18     -100.75 -100.75         
-17     -100.75 -100.75         
-16     -100.75 -100.75         
-16     -100.75 -100.75         
-16     -100.75 -100.75         
-16     -100.75 -100.75         
-15     -100.75 -100.75         
-15     -100.75 -100.75         
-14     -100.75 -100.75         
-14     -100.75 -100.75         
-14     -100.75 -100.75         
-13     -100.75 -100.75         
-13     -100.75 -100.75         
-13     -100.75 -100.75         
-13     -100.75 -100.75         
-14     -100.75 -100.75         
-14     -100.75 -100.75         
-14     -100.75 -100.75         
-14     -100.75 -100.75         
-14     -100.75 -100.75         
-14     -100.75 -100.75         
-12     -100.75 -100.75         
-10     -100.75 -100.75         
-9      -100.75 -100.75         
-9      -100.75 -100.75         
-9      -100.75 -100.75         
-9      -100.75 -100.75         
-9      -100.75 -100.75         
-10     -100.75 -100.75         
-10     -100.75 -100.75         
-10     -100.75 -100.75         
-9      -100.75 -100.75         
-8      -100.75 -100.75         
-8      -100.75 -100.75         
-9      -100.75 -100.75         
-9      -100.75 -100.75         
-10     -100.75 -100.75         
-9      -100.75 -100.75         
-9      -100.75 -100.75         
-7      -100.75 -100.75         
-6      -100.75 -100.75         
-6      -100.75 -100.75         
-6      -100.75 -100.75         
-7      -100.75 -100.75         
-8      -100.75 -100.75         
-8      -100.75 -100.75         
-8      -100.75 -100.75         
-8      -100.75 -100.75         
-8      -100.75 -100.75         
-7      -100.75 -100.75         
-6      -100.75 -100.75         
-6      -100.75 -100.75         
-6      -100.75 -100.75         
-6      -100.75 -100.75         
-6      -100.75 -100.75         
-6      -100.75 -100.75         
-6      -100.75 -100.75         
-6      -100.75 -100.75         
-6      -100.75 -100.75         
-5      -100.75 -100.42         
-5      -100.42 -100.42         
-5      -100.42 -100.42         
-6      -100.75 -100.42         
-6      -100.42 -100.42         
-6      -100.42 -100.42         
-7      -100.42 -100.42         
-7      -100.42 -100.42         
-7      -100.42 -100.42         
-7      -100.42 -100.42         
-7      -100.42 -100.42         
-7      -100.42 -100.42         
-7      -100.42 -100.42         
-7      -100.42 -100.42         
-7      -100.42 -100.42         
-7      -100.42 -100.42         
-6      -100.42 -100.42         
-6      -100.42 -100.42         
-7      -100.42 -100.42         
-8      -100.42 -100.42         
-8      -100.42 -100.42         
-8      -100.42 -100.42         
-8      -100.42 -100.42         
-8      -100.42 -100.42         
-7      -100.42 -100.42         
-7      -100.42 -100.42         
-7      -100.42 -100.42         
-7      -100.42 -100.42         
-8      -100.42 -100.42         
-7      -100.42 -100.42         
-7      -100.42 -100.42         
-7      -100.42 -100.42         
-7      -100.42 -100.42         
-7      -100.42 -100.42         
-7      -100.42 -100.42         
-7      -100.42 -100.42         
-7      -100.42 -100.42         
-7      -100.42 -100.42         
-7      -100.42 -100.42         
-7      -100.42 -100.42         
-6      -100.42 -100.42         
-6      -100.42 -100.42         
-6      -100.42 -100.42         
-6      -100.42 -100.42         
-6      -100.42 -100.42         
-5      -100.42 -100.42         
-4      -100.42 -100.42         
-4      -100.10 -100.10         
-4      -100.10 -100.10         
-5      -100.10 -100.10         
-6      -100.10 -100.10         
-6      -100.10 -100.10         
-6      -100.10 -100.10         
-5      -100.10 -100.10         
-5      -100.10 -100.10         
-5      -100.10 -100.10         
-5      -100.10 -100.10         
-6      -100.10 -100.10         
-6      -100.10 -100.10         
-6      -100.10 -100.42         
-6      -100.10 -100.10         
-6      -100.10 -100.10         
-6      -100.10 -100.10         
-6      -100.10 -100.10         
-6      -100.10 -100.10         
-6      -100.42 -100.10         
-5      -100.10 -100.10         
-5      -100.10 -100.10         
-5      -100.10 -100.10         
-5      -100.10 -100.10         
-6      -100.10 -100.10         
-6      -100.42 -100.42         
-6      -100.10 -100.10         
-6      -100.10 -100.10         
-6      -100.10 -100.10         
-6      -100.10 -100.10         
-7      -100.10 -100.10         
-7      -100.10 -100.10         
-7      -100.10 -100.10         
-7      -100.10 -100.10         
-7      -100.10 -100.10         
-7      -100.10 -100.10         
-7      -100.10 -100.10         
-7      -100.10 -100.10         
-7      -100.10 -100.10         
-6      -100.10 -100.10         
-6      -100.10 -100.10         
-6      -100.10 -100.10         
-6      -100.10 -100.10         
-7      -100.10 -100.10         
-7      -100.10 -100.10         
-7      -100.10 -100.10         
-8      -100.10 -100.10         
-8      -100.10 -100.10         
-7      -100.10 -100.10         
-8      -100.10 -100.10         
-8      -100.10 -100.10         
-8      -100.10 -100.10         
-8      -100.10 -100.10         
-8      -100.10 -100.10         
-8      -100.10 -100.10         
-8      -100.10 -100.10         
-7      -100.10 -100.10         
-7      -100.10 -100.10         
-7      -100.10 -100.10         
-7      -100.10 -100.10         
-7      -100.10 -100.10         
-7      -100.10 -100.10         
-7      -100.10 -100.10         
-7      -100.10 -100.10         
-7      -100.10 -100.10         
-7      -100.10 -100.10         
-7      -100.10 -100.10         
-7      -100.10 -100.10         
-7      -100.10 -100.10         
-7      -100.10 -100.10         
-7      -100.10 -100.10         
-7      -100.10 -100.10         
-7      -100.10 -100.10         
-7      -100.10 -100.10         
-5      -100.10 -166.72         
-5      -166.72 -166.72         
-5      -166.72 -166.72         
-7      -166.72 -166.72         
-7      -166.72 -166.72         
-7      -166.72 -166.72         
-6      -166.72 -166.72         
-6      -166.72 -166.72         
-6      -166.72 -166.72         
-6      -166.72 -166.72         
-7      -166.72 -166.72         
-7      -83.85  -83.85          
-7      -83.85  -83.85          
-6      -83.85  -83.85          
-6      -83.85  -83.85          
-5      -83.85  -83.85          
-6      -83.85  -83.85          
-6      -83.85  -166.72         
-6      -166.72 -166.72         
-5      -166.72 -166.72         
-3      -166.72 -166.72         
-3      -166.72 -166.72         
-6      -166.72 -166.72         
-8      -166.72 -166.72         
-9      -166.72 -166.72         
-8      -166.72 -166.72         
-8      -166.72 -166.72         
-8      -166.72 -166.72         
-7      -166.72 -166.72         
-5      -166.72 -166.72         
-4      -166.72 -166.72         
-5      -166.72 -166.72         
-5      -166.72 -166.72         
-5      -166.72 -166.72         
-5      -166.72 -166.72         
-5      -166.72 -166.72         
-6      -166.72 -166.72         
-8      -166.72 -166.72         
-8      -166.72 -166.72         
-6      -166.72 -166.72         
-6      -166.72 -166.72         
-6      -166.72 -166.72         
-5      -166.72 -166.72         
-5      -166.72 -166.72         
-6      -166.72 -166.72         
-8      -166.72 -166.72         
-9      -166.72 -166.72         
-9      -166.72 -166.72         
-8      -166.72 -166.72         
-9      -166.72 -166.72         
-10     -166.72 -166.72         
-9      -166.72 -166.72         
-11     -166.72 -166.72         
-12     -166.72 -166.72         
-13     -166.72 -166.72         
-13     -166.72 -166.72         
-14     -166.72 -166.72         
-12     -166.72 -166.72         
-12     -166.72 -166.72         
-13     -166.72 -166.72         
-11     -166.72 -166.72         
-11     -166.72 -166.72         
-10     -166.72 -166.72         
-10     -166.72 -166.72         
-10     -166.72 -166.72         
-9      -166.72 -166.72         
-9      -166.72 -166.72         
-9      -166.72 -166.72         
-8      -166.72 -166.72         
-7      -166.72 -166.72         
-6      -166.72 -166.72         
-5      -166.72 -166.72         
-4      -166.72 -166.72         
-3      -166.72 -166.72         
-2      -166.72 -166.72         
-2      -166.72 -166.72         
-1      -166.72 -166.72         
0       -166.72 -166.72         
0       -166.72 -166.72         
0       -166.72 -166.72         
0       -166.72 -166.72         
0       -166.72 -166.72         
1       -166.72 -166.72         
1       -166.72 -166.72         
1       -166.72 -166.72         
2       -166.72 -166.72         
2       -166.72 -166.72         
2       -166.72 -166.72         
2       -166.72 -166.72         
2       -166.72 -166.72         
2       -166.72 -166.72         
2       -166.72 -166.72         
2       -166.72 -166.72         
2       -166.72 -166.72         
2       -166.72 -166.72         
2       -166.72 -166.72         
2       -166.72 -166.72         
2       -166.72 -166.72         
2       -166.72 -166.72         
2       -166.72 -166.72         
2       -166.72 -166.72         
2       -166.72 -166.72         
2       -166.72 -166.72         
2       -166.72 -166.72         
2       -166.72 -166.72         
